-6.55	31.99	-6.97
-7.21	32.32	-8.55
-7.54	33.97	-8.55
-8.52	34.63	-7.29
-8.52	34.63	-7.29
-6.39	35.12	-7.45
-7.04	36.77	-8.08
-7.86	35.29	-6.97
-6.22	37.92	-6.02
-5.9	62.33	-15.84
-5.9	62.33	-15.84
-3.11	53.59	-32.48
-3.44	49.63	-24.87
2.29	59.03	-19.33
3.44	61.5	-17.9
3.44	61.5	-17.9
6.22	59.03	-15.21
4.1	47.98	-13.78
5.24	34.63	-17.11
3.44	27.54	-27.09
3.77	25.56	-41.03
3.77	25.56	-41.03
-0.82	31.49	-58.14
-2.62	36.93	-62.73
-3.44	42.71	-64.16
-2.78	48.64	-67.96
-2.78	48.64	-67.96
0.16	63.15	-65.74
1.47	71.73	-55.61
4.1	71.4	-41.66
5.57	66.94	-32.63
5.41	62.82	-28.36
5.41	62.82	-28.36
6.55	59.03	-25.98
5.73	53.59	-22.97
4.42	49.63	-20.44
2.29	45.84	-22.18
2.29	45.84	-22.18
7.21	39.9	-23.76
7.7	39.41	-26.46
6.72	38.09	-27.09
3.77	40.73	-22.02
3.77	40.73	-22.02
-4.42	43.69	-17.58
-11.96	46.0	-16.95
-22.11	50.62	-18.85
-28.83	54.41	-22.81
-33.58	54.58	-29.31
-33.58	54.58	-29.31
-34.56	50.62	-34.69
-36.2	49.3	-40.08
-32.76	47.16	-48.16
-27.52	45.51	-57.03
-27.52	45.51	-57.03
-21.79	45.01	-60.04
-13.43	48.81	-64.32
-0.66	45.18	-64.0
8.52	40.23	-54.5
9.17	38.25	-52.28
9.17	38.25	-52.28
10.16	36.27	-46.26
10.65	35.12	-44.52
11.79	33.97	-43.72
11.47	37.26	-41.19
11.47	37.26	-41.19
12.45	39.57	-42.77
16.87	47.32	-43.57
15.56	49.96	-40.71
16.71	51.11	-41.19
16.87	48.64	-36.28
16.87	48.64	-36.28
15.07	44.85	-33.59
14.25	43.37	-31.84
11.63	38.42	-32.16
11.47	36.6	-31.68
11.47	36.6	-31.68
8.68	39.41	-28.04
6.55	39.57	-24.08
5.57	39.57	-24.71
5.73	37.76	-24.56
7.7	36.77	-28.36
7.7	36.77	-28.36
8.03	34.79	-33.43
9.17	34.63	-35.8
7.86	33.31	-38.65
7.21	31.0	-41.19
7.21	31.0	-41.19
5.41	31.49	-43.57
6.55	33.97	-44.99
6.88	34.96	-48.79
4.1	38.75	-54.34
4.1	38.75	-54.34
6.06	34.13	-48.63
5.9	31.0	-41.82
6.55	32.65	-36.75
6.88	32.98	-36.44
6.72	32.81	-37.23
6.72	32.81	-37.23
8.52	32.32	-38.65
8.68	33.47	-40.71
6.72	32.48	-35.01
-0.49	32.81	-23.29
-0.49	32.81	-23.29
-9.66	35.45	-19.8
-20.97	36.27	-19.96
-28.99	38.75	-24.56
-30.8	40.56	-28.2
-35.22	45.01	-32.79
-35.22	45.01	-32.79
-35.05	43.53	-34.85
-34.56	43.37	-34.69
-34.24	43.69	-37.86
-34.24	48.64	-43.57
-34.24	48.64	-43.57
-31.29	52.93	-50.22
-30.47	54.08	-56.71
-27.85	54.08	-63.37
-21.79	49.96	-66.38
-14.09	45.84	-68.12
-14.09	45.84	-68.12
-5.57	39.9	-66.85
-7.37	39.08	-65.74
-8.19	35.62	-64.95
-6.55	30.67	-58.62
-6.55	30.67	-58.62
-0.98	29.68	-51.01
4.91	30.34	-35.8
5.57	31.99	-30.73
6.22	34.3	-25.98
12.29	32.15	-38.5
12.29	32.15	-38.5
-15.89	30.17	-71.76
-50.29	15.66	-53.7
-47.18	31.33	-39.92
-34.4	38.91	-38.34
-34.4	38.91	-38.34
-31.45	42.87	-39.29
-32.27	43.04	-40.71
-31.12	43.2	-41.51
-32.43	46.17	-39.92
-30.8	44.19	-41.19
-30.8	44.19	-41.19
-31.12	41.22	-40.87
-30.47	42.54	-39.29
-31.12	42.21	-32.63
-28.01	39.41	-26.14
-28.01	39.41	-26.14
-16.54	35.78	-22.34
-6.55	34.63	-21.86
0.49	35.45	-25.51
2.29	34.3	-28.52
2.29	34.3	-28.52
-0.16	32.81	-29.62
-5.41	30.17	-27.72
-10.81	29.35	-26.61
-14.91	30.5	-26.46
-18.35	31.33	-26.93
-18.35	31.33	-26.93
-22.93	31.66	-29.47
-24.9	32.65	-29.78
-26.86	34.96	-32.0
-18.02	30.67	-27.25
-18.02	30.67	-27.25
-2.13	35.12	-23.6
5.24	45.84	-23.13
4.1	61.17	-24.24
-3.6	68.26	-25.35
-9.01	69.42	-23.6
-9.01	69.42	-23.6
-14.91	69.42	-23.92
-19.0	68.92	-24.08
-20.31	69.58	-23.45
-20.97	66.94	-22.81
-20.97	66.94	-22.81
-19.66	67.27	-22.81
-20.64	68.59	-23.76
-19.49	67.44	-22.97
-22.11	67.44	-24.24
-24.57	65.62	-25.66
-24.57	65.62	-25.66
-25.88	63.98	-25.35
-25.72	64.47	-25.51
-25.55	64.31	-24.71
-29.32	59.85	-24.56
-29.32	59.85	-24.56
-31.12	51.11	-25.35
-29.49	41.22	-23.76
-24.9	34.96	-25.98
-22.28	29.68	-27.25
-18.35	28.69	-26.93
-18.35	28.69	-26.93
-16.71	26.71	-26.93
-12.29	27.21	-27.09
-11.3	26.22	-27.72
-10.98	28.53	-28.36
-10.98	28.53	-28.36
-9.99	27.54	-27.09
-10.48	28.36	-25.35
-14.09	28.36	-28.52
-18.84	27.87	-31.21
-27.36	31.16	-30.58
-27.36	31.16	-30.58
-33.09	51.44	-31.05
-28.67	60.84	-27.72
-25.06	67.11	-26.46
-17.86	68.76	-23.29
-17.86	68.76	-23.29
-13.76	67.6	-23.45
-11.47	68.92	-24.08
-9.17	70.57	-25.98
-6.88	72.88	-28.2
-6.88	72.88	-28.2
-4.59	74.2	-32.32
-3.93	76.18	-37.7
-2.95	76.51	-44.36
-4.91	75.85	-52.91
-4.75	73.7	-54.65
-4.75	73.7	-54.65
-2.78	70.74	-59.09
-3.6	64.31	-60.2
-1.31	60.35	-62.73
-0.66	57.71	-62.73
-0.66	57.71	-62.73
-5.57	51.44	-64.0
-5.24	40.89	-60.2
-2.13	32.48	-53.07
2.78	27.54	-42.61
1.47	28.53	-27.72
1.47	28.53	-27.72
1.97	33.97	-20.91
2.62	35.29	-21.86
6.06	43.04	-21.07
4.42	50.29	-20.75
4.42	50.29	-20.75
5.24	50.46	-20.91
5.9	43.53	-21.23
6.39	36.44	-23.29
0.33	27.04	-36.75
-12.78	28.03	-51.96
-12.78	28.03	-51.96
-16.05	41.55	-62.1
-15.73	59.36	-64.0
-12.61	74.36	-54.02
-5.9	77.17	-43.72
-5.9	77.17	-43.72
-4.1	75.35	-34.38
-7.86	73.21	-31.37
-18.84	70.08	-24.87
-28.01	55.57	-23.6
-30.63	41.72	-29.31
-30.63	41.72	-29.31
-27.68	34.46	-43.57
-12.94	37.1	-57.51
1.31	45.51	-60.2
9.66	59.85	-56.24
9.66	59.85	-56.24
-8.19	75.52	-47.21
-22.11	71.07	-36.28
-19.0	70.57	-33.9
-13.27	71.73	-29.62
-10.48	71.89	-28.83
-10.48	71.89	-28.83
-11.63	72.38	-27.72
-21.79	63.15	-22.65
-28.99	47.32	-24.87
-30.3	36.77	-40.4
-30.3	36.77	-40.4
-19.49	46.33	-61.63
-16.22	67.77	-53.07
-19.17	70.74	-43.57
-22.77	69.75	-31.21
-22.77	69.75	-31.21
-15.4	68.59	-27.88
-10.65	70.41	-26.46
-12.78	72.88	-27.88
-15.56	69.42	-25.19
-20.64	62.0	-22.81
-20.64	62.0	-22.81
-30.8	52.76	-25.03
-34.89	41.72	-39.13
-24.41	34.79	-54.34
-5.24	41.55	-59.25
-5.24	41.55	-59.25
2.46	57.87	-58.14
-0.33	71.89	-51.96
-10.48	74.86	-38.34
-19.82	72.06	-32.79
-18.18	73.04	-34.06
-18.18	73.04	-34.06
-14.74	73.21	-32.95
-11.47	70.57	-30.42
-5.08	70.41	-29.94
-9.83	70.24	-28.83
-9.83	70.24	-28.83
-15.56	68.43	-24.87
-17.86	60.51	-21.07
-9.01	55.24	-19.8
-7.21	58.7	-20.28
-24.24	65.95	-26.61
-24.24	65.95	-26.61
